Nodo	Centralità	Distanza Media
6	0.025165	39.738465
197	0.024890	40.177053
416	0.024214	41.298769
263	0.024108	41.480588
254	0.024100	41.493487
23	0.023863	41.905108
1	0.023815	41.991155
9	0.023564	42.436984
1700	0.023487	42.575857
82	0.023455	42.635152
295	0.023236	43.036527
368	0.023120	43.252804
60	0.023091	43.307591
593	0.022980	43.515290
759	0.022909	43.651557
258	0.022892	43.684274
2382	0.022849	43.764954
14	0.022840	43.782217
0	0.022807	43.846726
1330	0.022779	43.899743
70	0.022686	44.079808
3	0.022594	44.259363
1253	0.022551	44.344432
1351	0.022522	44.401365
7	0.022460	44.522624
625	0.022432	44.578559
345	0.022424	44.595597
1160	0.022379	44.685143
41	0.022283	44.876646
17	0.022242	44.959951
243	0.022192	45.061541
121	0.022154	45.139271
1494	0.022083	45.284618
440	0.022079	45.292541
1461	0.022072	45.307160
1476	0.022055	45.340490
34	0.022047	45.356973
1212	0.021999	45.456158
2161	0.021988	45.478453
266	0.021954	45.550792
932	0.021947	45.565325
1243	0.021920	45.619870
1967	0.021843	45.781719
15	0.021824	45.820197
25	0.021824	45.821635
1128	0.021810	45.849874
1771	0.021803	45.865189
699	0.021752	45.973623
105	0.021733	46.013126
253	0.021713	46.054625
618	0.021686	46.113753
1391	0.021685	46.115104
1504	0.021611	46.273114
290	0.021581	46.337278
1484	0.021557	46.389475
132	0.021523	46.462332
1127	0.021519	46.470776
1730	0.021502	46.506382
2228	0.021489	46.536307
1058	0.021458	46.602179
1189	0.021448	46.624601
2460	0.021416	46.693687
1598	0.021371	46.792854
821	0.021366	46.803994
1932	0.021348	46.842556
227	0.021322	46.899201
2060	0.021311	46.923059
113	0.021274	47.005346
988	0.021198	47.173940
1508	0.021179	47.216578
55	0.021178	47.217720
31	0.021163	47.253135
190	0.021150	47.282419
52	0.021146	47.290334
2410	0.021117	47.355272
86	0.021081	47.436647
13	0.021076	47.446840
768	0.021067	47.466910
32	0.021044	47.519588
1216	0.020966	47.695651
26	0.020921	47.799545
1236	0.020889	47.872708
1962	0.020871	47.913949
30	0.020870	47.916733
2075	0.020848	47.965285
2053	0.020806	48.064137
389	0.020790	48.099029
2183	0.020789	48.102611
1473	0.020786	48.109431
198	0.020751	48.189508
27	0.020748	48.197146
21	0.020738	48.220536
1157	0.020736	48.224483
187	0.020729	48.241693
1772	0.020671	48.376890
1692	0.020652	48.421785
5	0.020611	48.518853
380	0.020605	48.530755
906	0.020595	48.555142
16	0.020562	48.633883
100	0.020548	48.667501
272	0.020496	48.790884
62	0.020493	48.796642
490	0.020482	48.823005
156	0.020481	48.826026
1362	0.020476	48.838282
39	0.020457	48.882302
91	0.020439	48.926934
1039	0.020436	48.934120
1715	0.020410	48.996686
1131	0.020396	49.029411
177	0.020333	49.180222
1102	0.020324	49.203285
49	0.020295	49.273572
2070	0.020209	49.482118
10	0.020206	49.490583
2016	0.020204	49.493978
390	0.020195	49.516853
1577	0.020189	49.531970
349	0.020153	49.621317
1208	0.020145	49.639554
1320	0.020135	49.664589
696	0.020134	49.667694
734	0.020122	49.696047
904	0.020116	49.712689
789	0.020112	49.722009
521	0.020104	49.741151
196	0.020085	49.788426
432	0.020078	49.804559
61	0.020065	49.837168
76	0.020051	49.872073
1049	0.020049	49.876704
59	0.020033	49.916852
916	0.020027	49.932542
22	0.020021	49.946543
1674	0.020011	49.972602
115	0.020007	49.981844
875	0.019987	50.031508
436	0.019984	50.041086
180	0.019973	50.067677
1204	0.019971	50.073846
907	0.019969	50.077994
8	0.019961	50.098771
87	0.019954	50.115204
2	0.019952	50.120243
697	0.019944	50.140287
136	0.019942	50.145649
960	0.019922	50.195235
18	0.019920	50.201910
409	0.019906	50.235722
11	0.019861	50.350773
37	0.019859	50.354275
2091	0.019837	50.411174
576	0.019824	50.442700
56	0.019815	50.466954
1970	0.019806	50.490942
175	0.019800	50.506016
1228	0.019797	50.512659
1271	0.019791	50.528253
401	0.019791	50.529133
398	0.019784	50.545678
2350	0.019778	50.562083
28	0.019777	50.562699
1162	0.019770	50.581957
1466	0.019745	50.645369
2173	0.019743	50.649887
225	0.019741	50.655051
317	0.019739	50.661321
1296	0.019728	50.689082
1088	0.019727	50.691158
2076	0.019719	50.712246
285	0.019707	50.743521
286	0.019696	50.771190
54	0.019652	50.885971
647	0.019639	50.920281
2078	0.019638	50.921582
1486	0.019631	50.939783
47	0.019627	50.951312
269	0.019620	50.968668
44	0.019619	50.971812
551	0.019609	50.997533
1634	0.019587	51.053881
53	0.019585	51.059738
1750	0.019562	51.120426
283	0.019558	51.130880
256	0.019557	51.131393
747	0.019557	51.131502
20	0.019518	51.234843
276	0.019498	51.286765
58	0.019488	51.313708
793	0.019479	51.337788
1830	0.019476	51.344334
575	0.019446	51.424569
435	0.019441	51.436665
579	0.019409	51.522913
118	0.019388	51.577803
976	0.019380	51.599251
260	0.019369	51.630053
214	0.019367	51.633176
1506	0.019367	51.634411
209	0.019366	51.636596
1748	0.019364	51.641709
1118	0.019363	51.646183
1708	0.019341	51.702393
2456	0.019325	51.746382
173	0.019323	51.752110
719	0.019322	51.754536
168	0.019322	51.755541
2227	0.019318	51.764440
1280	0.019309	51.789123
287	0.019307	51.794597
1311	0.019293	51.833322
2302	0.019281	51.865147
782	0.019277	51.875966
1909	0.019274	51.883053
1490	0.019273	51.887104
167	0.019272	51.888873
726	0.019256	51.931402
799	0.019252	51.943531
1319	0.019236	51.985415
650	0.019226	52.014165
123	0.019213	52.047918
2012	0.019213	52.049248
12	0.019210	52.055551
2380	0.019200	52.082049
492	0.019194	52.100172
428	0.019190	52.111584
19	0.019189	52.114108
820	0.019188	52.115816
2375	0.019164	52.181854
71	0.019153	52.209949
884	0.019152	52.212847
560	0.019144	52.235534
63	0.019143	52.238693
963	0.019131	52.272377
2265	0.019129	52.275950
69	0.019124	52.290612
83	0.019123	52.291723
539	0.019122	52.295113
1345	0.019117	52.310679
1262	0.019112	52.324105
2008	0.019109	52.331187
584	0.019102	52.349302
217	0.019066	52.448836
314	0.019058	52.471250
459	0.019019	52.579722
2315	0.019012	52.597242
238	0.019011	52.601767
1443	0.019011	52.602032
134	0.019009	52.605739
2122	0.019002	52.625470
35	0.018992	52.654780
607	0.018981	52.683717
370	0.018975	52.700661
1919	0.018972	52.708554
844	0.018961	52.739478
202	0.018937	52.805592
338	0.018936	52.809298
72	0.018935	52.813078
1858	0.018934	52.814611
810	0.018922	52.848990
89	0.018918	52.858697
270	0.018916	52.866273
1445	0.018913	52.874331
50	0.018906	52.893196
488	0.018895	52.924755
1390	0.018894	52.927018
1217	0.018893	52.928877
836	0.018890	52.939138
580	0.018885	52.951529
2117	0.018877	52.974132
684	0.018876	52.977285
77	0.018862	53.017767
1646	0.018856	53.032140
205	0.018845	53.064633
359	0.018841	53.075186
66	0.018835	53.093320
472	0.018834	53.095587
126	0.018821	53.131904
2017	0.018817	53.144126
85	0.018795	53.204859
391	0.018792	53.214913
2461	0.018787	53.228098
193	0.018778	53.253443
1027	0.018757	53.312090
2439	0.018747	53.342794
644	0.018744	53.349726
519	0.018739	53.365791
900	0.018735	53.377002
1080	0.018724	53.407578
237	0.018721	53.416757
153	0.018712	53.440904
255	0.018705	53.461007
2015	0.018688	53.510491
1155	0.018687	53.513776
1714	0.018684	53.520993
2018	0.018682	53.526081
919	0.018663	53.582465
1617	0.018648	53.623826
24	0.018646	53.629713
944	0.018646	53.630909
860	0.018642	53.641310
931	0.018639	53.650981
2483	0.018637	53.655637
958	0.018637	53.658099
4	0.018636	53.660141
74	0.018632	53.672378
1086	0.018625	53.691666
468	0.018623	53.697504
1677	0.018606	53.746329
251	0.018604	53.750939
525	0.018601	53.760669
2134	0.018592	53.786223
1064	0.018573	53.840182
2166	0.018568	53.856340
1193	0.018567	53.858441
348	0.018564	53.868186
1016	0.018560	53.879005
1706	0.018548	53.913989
751	0.018526	53.979598
221	0.018524	53.983641
293	0.018516	54.006886
640	0.018513	54.017239
1134	0.018512	54.019488
1108	0.018507	54.032372
642	0.018483	54.102730
1699	0.018470	54.140542
874	0.018462	54.166272
274	0.018460	54.171018
1978	0.018460	54.171379
327	0.018452	54.193759
147	0.018441	54.227042
783	0.018424	54.276325
102	0.018424	54.276487
2146	0.018414	54.305173
264	0.018406	54.330440
998	0.018403	54.337675
2249	0.018395	54.363708
1303	0.018393	54.369855
340	0.018391	54.374332
857	0.018376	54.419038
319	0.018367	54.446377
798	0.018363	54.458217
2097	0.018350	54.494764
771	0.018350	54.495797
1312	0.018341	54.522911
493	0.018340	54.526185
1095	0.018328	54.560834
1614	0.018322	54.579512
823	0.018319	54.587477
405	0.018315	54.600069
292	0.018313	54.607344
1513	0.018300	54.644795
2403	0.018299	54.647002
298	0.018298	54.651568
1241	0.018295	54.659802
1430	0.018276	54.715492
1521	0.018273	54.726202
871	0.018267	54.744890
38	0.018265	54.749225
767	0.018264	54.751327
231	0.018244	54.811123
181	0.018244	54.814002
2043	0.018243	54.815296
2438	0.018242	54.819272
282	0.018228	54.859222
1593	0.018226	54.866493
1132	0.018210	54.915921
103	0.018205	54.929331
1802	0.018192	54.967893
203	0.018189	54.979294
713	0.018188	54.981824
481	0.018183	54.996357
2086	0.018180	55.006897
262	0.018169	55.037805
75	0.018160	55.066031
655	0.018159	55.068108
505	0.018158	55.072750
242	0.018146	55.109775
329	0.018132	55.151914
2324	0.018116	55.201275
1005	0.018110	55.216911
623	0.018108	55.224709
248	0.018093	55.268577
339	0.018092	55.272088
701	0.018083	55.300103
606	0.018081	55.306816
453	0.018080	55.310604
901	0.018071	55.337558
1343	0.018062	55.366017
656	0.018051	55.398784
2129	0.018037	55.441219
1052	0.018035	55.446430
1751	0.018018	55.500934
316	0.018015	55.510442
228	0.018009	55.526727
893	0.018005	55.541505
1846	0.018004	55.542431
2241	0.018004	55.544234
1152	0.017993	55.577266
1781	0.017983	55.608702
1273	0.017982	55.609863
335	0.017981	55.614979
289	0.017980	55.618894
2445	0.017977	55.625342
888	0.017970	55.648451
1658	0.017969	55.650383
2145	0.017968	55.655217
2123	0.017966	55.661091
1292	0.017964	55.668355
1140	0.017962	55.672356
514	0.017953	55.702155
1061	0.017953	55.702435
241	0.017945	55.726560
79	0.017943	55.731952
2352	0.017940	55.741360
2254	0.017939	55.743495
780	0.017927	55.781703
1951	0.017924	55.791805
2209	0.017919	55.808146
692	0.017899	55.868679
1195	0.017898	55.871332
1718	0.017893	55.887036
1383	0.017888	55.903026
643	0.017886	55.909442
848	0.017883	55.919134
1995	0.017877	55.937370
2038	0.017871	55.957004
1081	0.017863	55.982053
522	0.017862	55.983877
2065	0.017853	56.013860
184	0.017851	56.020433
43	0.017850	56.021099
211	0.017849	56.024319
1073	0.017845	56.039312
892	0.017834	56.071170
143	0.017830	56.085548
537	0.017820	56.116758
2248	0.017815	56.131258
178	0.017815	56.133604
1841	0.017814	56.136096
2178	0.017813	56.137578
1548	0.017812	56.142740
1892	0.017811	56.146043
29	0.017811	56.146192
42	0.017808	56.155633
741	0.017807	56.157272
146	0.017785	56.228307
2279	0.017776	56.254552
165	0.017775	56.257581
347	0.017775	56.258840
2182	0.017772	56.266796
549	0.017770	56.275955
2330	0.017761	56.303806
357	0.017750	56.339164
535	0.017739	56.373735
33	0.017731	56.399667
970	0.017728	56.408415
515	0.017715	56.449267
2406	0.017712	56.457429
157	0.017706	56.478436
805	0.017706	56.478566
622	0.017696	56.509896
1380	0.017694	56.515019
518	0.017683	56.551408
1286	0.017678	56.567856
97	0.017676	56.574577
2002	0.017675	56.576201
399	0.017671	56.589581
478	0.017669	56.594788
2363	0.017660	56.624274
448	0.017651	56.653644
1986	0.017650	56.657287
686	0.017649	56.659436
325	0.017641	56.685487
408	0.017641	56.686162
1465	0.017636	56.700669
206	0.017635	56.706613
51	0.017625	56.736254
1844	0.017623	56.744611
1166	0.017623	56.745134
1122	0.017604	56.805054
99	0.017602	56.811102
163	0.017597	56.828120
966	0.017590	56.850608
172	0.017581	56.880272
1420	0.017559	56.950125
1568	0.017554	56.967704
451	0.017552	56.972858
1857	0.017546	56.994288
778	0.017541	57.010086
796	0.017538	57.018077
839	0.017538	57.019190
802	0.017534	57.032056
124	0.017533	57.036321
78	0.017529	57.047140
2339	0.017526	57.057920
1731	0.017523	57.067491
144	0.017509	57.114552
872	0.017508	57.116539
1328	0.017505	57.126593
129	0.017504	57.130355
1667	0.017502	57.136939
1044	0.017498	57.150776
1284	0.017498	57.150985
1192	0.017497	57.151331
1803	0.017492	57.168922
94	0.017489	57.179506
1997	0.017488	57.183533
2199	0.017485	57.191020
2215	0.017482	57.202157
851	0.017477	57.217900
411	0.017476	57.220545
371	0.017468	57.246894
170	0.017463	57.262365
84	0.017453	57.297132
1760	0.017451	57.302666
2033	0.017450	57.306802
2218	0.017446	57.320111
585	0.017426	57.386876
96	0.017425	57.390202
508	0.017424	57.392727
673	0.017417	57.414221
480	0.017407	57.447674
542	0.017407	57.447845
194	0.017403	57.460998
2429	0.017391	57.501671
744	0.017388	57.511946
2135	0.017383	57.527033
1278	0.017381	57.535640
425	0.017370	57.569417
864	0.017349	57.639401
1422	0.017346	57.650594
1477	0.017335	57.685103
983	0.017334	57.690451
917	0.017332	57.695399
2195	0.017332	57.697844
856	0.017324	57.722700
1062	0.017321	57.733394
775	0.017319	57.740919
1788	0.017317	57.748101
1613	0.017312	57.764873
344	0.017301	57.799880
1418	0.017301	57.800357
1180	0.017292	57.830622
90	0.017289	57.840387
852	0.017275	57.888200
1893	0.017264	57.922604
422	0.017256	57.952050
513	0.017253	57.962546
2114	0.017242	57.998895
321	0.017241	58.001611
107	0.017222	58.063828
1449	0.017218	58.077588
2121	0.017215	58.088381
122	0.017212	58.099720
870	0.017210	58.104320
1290	0.017208	58.111539
637	0.017208	58.112249
1379	0.017183	58.197804
834	0.017181	58.202160
548	0.017175	58.225561
324	0.017160	58.274312
2226	0.017156	58.289721
660	0.017151	58.304729
36	0.017138	58.349669
688	0.017134	58.364830
595	0.017122	58.403938
753	0.017119	58.413086
1424	0.017119	58.414547
1661	0.017119	58.415185
1376	0.017113	58.435959
609	0.017093	58.502993
385	0.017092	58.508091
1690	0.017088	58.521969
996	0.017084	58.534589
702	0.017082	58.541879
2409	0.017075	58.564057
1419	0.017074	58.569590
1104	0.017069	58.586792
546	0.017061	58.614547
921	0.017061	58.614764
297	0.017060	58.616123
1946	0.017059	58.619008
1550	0.017059	58.619223
382	0.017058	58.625224
396	0.017056	58.630819
2216	0.017043	58.674966
1738	0.017039	58.688749
1035	0.017039	58.689502
646	0.017021	58.752209
101	0.017020	58.756080
2069	0.017013	58.779242
467	0.017002	58.816223
627	0.016999	58.826927
189	0.016988	58.864232
388	0.016980	58.891639
1795	0.016980	58.891787
148	0.016978	58.898093
119	0.016968	58.933989
1096	0.016966	58.941599
111	0.016964	58.949116
752	0.016962	58.954922
1276	0.016962	58.956215
236	0.016954	58.982771
346	0.016951	58.992692
995	0.016947	59.006721
268	0.016945	59.013842
984	0.016938	59.040440
483	0.016936	59.045510
1022	0.016936	59.045968
426	0.016933	59.055294
1322	0.016927	59.076381
2345	0.016925	59.085520
1629	0.016909	59.138998
424	0.016909	59.141231
2355	0.016902	59.162983
700	0.016899	59.175164
307	0.016898	59.177307
735	0.016895	59.189786
1387	0.016889	59.210953
758	0.016881	59.238109
65	0.016873	59.264536
1823	0.016871	59.273704
2472	0.016870	59.277228
954	0.016868	59.282784
1903	0.016868	59.283245
240	0.016855	59.329225
1042	0.016855	59.331151
1960	0.016851	59.342279
470	0.016847	59.356739
400	0.016843	59.373165
788	0.016835	59.401572
619	0.016829	59.419913
185	0.016824	59.440653
361	0.016822	59.445576
183	0.016820	59.452917
1872	0.016819	59.456193
2301	0.016817	59.465308
1373	0.016809	59.492707
2338	0.016802	59.516998
2430	0.016795	59.539829
1250	0.016786	59.574027
1255	0.016783	59.584477
116	0.016778	59.602099
1410	0.016777	59.605835
343	0.016774	59.615105
207	0.016772	59.623369
1434	0.016762	59.656990
533	0.016762	59.660400
498	0.016758	59.671930
826	0.016756	59.680562
313	0.016752	59.692797
2175	0.016752	59.694848
151	0.016748	59.708575
2307	0.016748	59.709693
687	0.016741	59.732908
1023	0.016737	59.748787
550	0.016716	59.821958
1886	0.016711	59.840985
1923	0.016708	59.849818
333	0.016708	59.851481
67	0.016708	59.852389
682	0.016696	59.894797
160	0.016693	59.903667
104	0.016688	59.921812
48	0.016679	59.955801
1332	0.016678	59.959576
374	0.016676	59.964741
454	0.016675	59.968672
594	0.016666	60.001343
1001	0.016665	60.004782
787	0.016665	60.005632
141	0.016664	60.010596
1184	0.016660	60.023947
2238	0.016658	60.032761
695	0.016654	60.046121
2004	0.016649	60.064669
1966	0.016643	60.083615
1519	0.016641	60.091427
2270	0.016638	60.102342
1348	0.016634	60.118653
1532	0.016631	60.127360
1595	0.016628	60.138869
530	0.016624	60.155635
2476	0.016619	60.170548
64	0.016615	60.187072
905	0.016615	60.187290
933	0.016611	60.202423
556	0.016601	60.238474
1768	0.016600	60.239592
1405	0.016581	60.308402
1046	0.016566	60.363106
754	0.016565	60.368658
814	0.016547	60.433307
831	0.016546	60.435952
98	0.016545	60.443022
429	0.016534	60.479605
2400	0.016532	60.488323
739	0.016526	60.510222
224	0.016526	60.512537
1534	0.016524	60.518655
1944	0.016516	60.547594
1033	0.016516	60.549070
233	0.016513	60.556984
1196	0.016513	60.559771
406	0.016509	60.572476
273	0.016504	60.591562
1530	0.016499	60.609545
949	0.016493	60.632407
897	0.016487	60.653067
226	0.016486	60.658863
691	0.016484	60.666489
249	0.016482	60.672090
2447	0.016474	60.700647
1254	0.016468	60.722621
2331	0.016465	60.736150
301	0.016461	60.748414
750	0.016460	60.754685
1817	0.016458	60.760279
2246	0.016443	60.817806
1089	0.016441	60.823079
110	0.016439	60.831588
1655	0.016433	60.852148
1161	0.016432	60.855209
1757	0.016431	60.860457
956	0.016429	60.867298
1098	0.016426	60.877657
433	0.016412	60.930271
1032	0.016397	60.985849
968	0.016391	61.008678
1957	0.016386	61.027675
130	0.016383	61.037909
73	0.016382	61.041102
915	0.016382	61.041508
785	0.016378	61.058074
257	0.016373	61.077525
1078	0.016368	61.095021
846	0.016366	61.103821
1746	0.016365	61.107242
545	0.016359	61.126702
1018	0.016356	61.139361
597	0.016355	61.144175
155	0.016352	61.154408
232	0.016349	61.164850
928	0.016349	61.166039
2327	0.016348	61.169938
109	0.016347	61.173432
423	0.016344	61.185000
330	0.016329	61.242385
1257	0.016327	61.247422
2269	0.016325	61.257023
2176	0.016321	61.271085
305	0.016315	61.292769
1878	0.016315	61.294987
1411	0.016314	61.296074
1965	0.016301	61.344746
57	0.016300	61.348025
281	0.016296	61.365826
213	0.016296	61.366425
223	0.016294	61.371168
1737	0.016275	61.444786
1856	0.016266	61.479190
356	0.016245	61.555913
1934	0.016244	61.559301
1552	0.016230	61.615292
2357	0.016220	61.651370
930	0.016215	61.672639
288	0.016207	61.699891
795	0.016200	61.730118
439	0.016197	61.740682
1729	0.016194	61.751976
1282	0.016188	61.772762
586	0.016184	61.789702
961	0.016177	61.814293
195	0.016177	61.815792
360	0.016174	61.825986
450	0.016174	61.826480
1939	0.016170	61.842962
763	0.016169	61.848625
2485	0.016169	61.848629
261	0.016164	61.865875
1495	0.016155	61.899778
246	0.016155	61.902200
1014	0.016139	61.959808
2340	0.016137	61.968146
511	0.016136	61.971433
1556	0.016136	61.972387
1682	0.016136	61.973067
591	0.016136	61.974987
2125	0.016135	61.975639
1672	0.016133	61.985241
1882	0.016129	62.001757
1458	0.016129	62.001908
1933	0.016127	62.006813
2115	0.016122	62.026192
200	0.016122	62.028166
2205	0.016118	62.040775
1153	0.016118	62.042185
1806	0.016113	62.062432
308	0.016112	62.063868
993	0.016112	62.067384
2463	0.016107	62.083974
404	0.016104	62.097418
1761	0.016102	62.104214
645	0.016100	62.112041
2416	0.016092	62.142447
1316	0.016090	62.149082
1969	0.016065	62.245511
2435	0.016063	62.254443
895	0.016061	62.262931
2432	0.016060	62.267507
2140	0.016049	62.309031
412	0.016040	62.342519
1814	0.016031	62.378338
1094	0.016023	62.412188
1038	0.016010	62.462744
2067	0.016000	62.501613
222	0.015996	62.516766
487	0.015994	62.522611
2253	0.015989	62.541780
710	0.015987	62.549318
2240	0.015987	62.551089
419	0.015985	62.558330
587	0.015985	62.560346
1586	0.015984	62.563791
372	0.015982	62.570789
604	0.015980	62.580065
2185	0.015975	62.598774
1981	0.015974	62.601757
192	0.015966	62.632269
668	0.015962	62.648250
1139	0.015960	62.658320
1057	0.015946	62.712641
1610	0.015943	62.722274
1964	0.015942	62.725452
2170	0.015941	62.729569
2267	0.015941	62.731276
2493	0.015933	62.761727
558	0.015929	62.778892
1244	0.015921	62.810672
1769	0.015919	62.818518
1087	0.015915	62.834610
2295	0.015912	62.847572
1488	0.015907	62.866764
479	0.015897	62.906686
106	0.015895	62.914058
2064	0.015892	62.926167
1225	0.015890	62.931814
417	0.015888	62.942167
2449	0.015886	62.949435
850	0.015882	62.963000
1606	0.015881	62.968339
2402	0.015878	62.982179
452	0.015873	62.998422
1711	0.015868	63.020912
832	0.015868	63.021844
678	0.015867	63.022349
967	0.015858	63.058609
615	0.015849	63.093597
496	0.015846	63.106050
603	0.015845	63.110551
1019	0.015843	63.118175
1492	0.015836	63.145567
602	0.015826	63.185869
204	0.015826	63.186474
1181	0.015822	63.201632
230	0.015822	63.204612
536	0.015811	63.247509
315	0.015807	63.264658
631	0.015803	63.279608
2056	0.015800	63.291751
1943	0.015799	63.296967
81	0.015784	63.355364
322	0.015782	63.362613
1474	0.015781	63.368093
392	0.015758	63.459500
1194	0.015757	63.465726
311	0.015756	63.468978
364	0.015746	63.507391
2427	0.015738	63.539393
299	0.015737	63.545465
1778	0.015725	63.592090
139	0.015724	63.598482
186	0.015723	63.601442
358	0.015718	63.621930
140	0.015717	63.624606
929	0.015715	63.632603
715	0.015709	63.657498
559	0.015700	63.693942
1621	0.015697	63.707669
1609	0.015694	63.718400
1415	0.015692	63.726152
582	0.015691	63.730464
1245	0.015684	63.759001
2349	0.015683	63.764318
664	0.015681	63.769439
2147	0.015679	63.778401
863	0.015679	63.778880
1356	0.015672	63.809358
1650	0.015671	63.813261
1784	0.015670	63.817171
1429	0.015659	63.862100
1820	0.015659	63.862289
791	0.015656	63.873733
756	0.015651	63.893551
1787	0.015645	63.919279
250	0.015643	63.925898
815	0.015640	63.938699
2276	0.015636	63.954834
1485	0.015634	63.962422
914	0.015622	64.011526
503	0.015620	64.022439
1709	0.015618	64.028130
2492	0.015613	64.049176
486	0.015609	64.065964
1275	0.015605	64.083868
1085	0.015598	64.109278
2293	0.015595	64.122898
1642	0.015595	64.123449
369	0.015591	64.138394
354	0.015590	64.142335
302	0.015590	64.145178
303	0.015587	64.156748
939	0.015585	64.163379
1635	0.015574	64.208900
779	0.015573	64.215742
1567	0.015569	64.230229
677	0.015566	64.244144
455	0.015560	64.266237
1392	0.015557	64.280338
1948	0.015550	64.310430
2348	0.015544	64.333475
523	0.015540	64.349634
730	0.015538	64.357702
2388	0.015536	64.367053
978	0.015530	64.390760
407	0.015528	64.401299
1323	0.015526	64.407492
816	0.015525	64.410828
2059	0.015524	64.416502
1612	0.015522	64.424605
2100	0.015517	64.446058
365	0.015512	64.465389
334	0.015505	64.496489
1952	0.015504	64.500671
1551	0.015501	64.513767
1084	0.015500	64.516925
909	0.015496	64.531566
1357	0.015496	64.534512
1888	0.015495	64.537078
806	0.015493	64.544582
1252	0.015493	64.546348
610	0.015492	64.548174
1384	0.015486	64.574076
913	0.015479	64.605715
2258	0.015478	64.606169
1902	0.015477	64.611818
1109	0.015476	64.614198
729	0.015474	64.622582
442	0.015474	64.622784
201	0.015474	64.623637
2462	0.015474	64.623669
1526	0.015473	64.627222
431	0.015473	64.628779
2335	0.015468	64.650972
1372	0.015465	64.660080
825	0.015457	64.696335
309	0.015456	64.698550
166	0.015447	64.736600
1654	0.015445	64.745239
2404	0.015436	64.784934
2197	0.015430	64.808376
940	0.015429	64.814907
861	0.015427	64.821185
662	0.015420	64.850139
1120	0.015414	64.876376
1112	0.015413	64.879835
421	0.015408	64.902092
1622	0.015406	64.910322
304	0.015405	64.913826
989	0.015403	64.920518
1963	0.015403	64.921440
876	0.015401	64.930382
898	0.015400	64.935803
1260	0.015399	64.937536
569	0.015398	64.941808
1298	0.015397	64.946524
693	0.015394	64.959080
532	0.015391	64.972764
629	0.015386	64.993713
1375	0.015385	64.999309
2455	0.015382	65.012031
2401	0.015376	65.036806
598	0.015369	65.064232
705	0.015367	65.075934
137	0.015365	65.082424
2252	0.015360	65.106250
1796	0.015359	65.109795
1592	0.015358	65.110978
1447	0.015358	65.111190
840	0.015356	65.121027
2172	0.015355	65.126406
1075	0.015353	65.132959
690	0.015352	65.136044
1991	0.015350	65.145947
608	0.015348	65.156221
434	0.015345	65.167419
410	0.015338	65.196469
351	0.015336	65.205108
1314	0.015335	65.210207
704	0.015333	65.216805
1065	0.015324	65.256603
589	0.015319	65.280239
935	0.015313	65.303095
2073	0.015311	65.314240
386	0.015311	65.314319
445	0.015308	65.324249
1200	0.015307	65.331574
2422	0.015305	65.339055
2381	0.015303	65.346241
456	0.015301	65.353792
1020	0.015300	65.357839
1452	0.015297	65.374421
841	0.015293	65.390578
633	0.015289	65.406936
1765	0.015279	65.448806
93	0.015277	65.457826
1710	0.015276	65.463062
1239	0.015273	65.473242
1845	0.015272	65.479333
2306	0.015271	65.483578
2116	0.015262	65.522169
216	0.015260	65.531307
992	0.015260	65.532819
659	0.015254	65.555538
383	0.015250	65.571874
1527	0.015248	65.584178
565	0.015247	65.584892
1270	0.015243	65.605329
666	0.015241	65.613210
45	0.015231	65.653450
1640	0.015225	65.680428
520	0.015221	65.699092
1030	0.015208	65.755330
2003	0.015203	65.777515
2336	0.015200	65.787566
667	0.015200	65.788185
150	0.015198	65.798573
828	0.015197	65.801075
1922	0.015196	65.807544
318	0.015195	65.809436
375	0.015195	65.811230
1218	0.015194	65.817286
1531	0.015190	65.831307
986	0.015187	65.845500
402	0.015179	65.878602
862	0.015171	65.914396
934	0.015169	65.925445
1175	0.015165	65.942048
600	0.015164	65.945264
634	0.015158	65.972634
2196	0.015156	65.978955
2360	0.015156	65.981378
2101	0.015154	65.989116
527	0.015153	65.991746
413	0.015153	65.993718
1744	0.015151	66.002470
1554	0.015150	66.006725
1281	0.015143	66.037217
562	0.015141	66.045202
506	0.015135	66.071125
164	0.015131	66.087811
740	0.015130	66.094283
1561	0.015118	66.148350
1409	0.015114	66.162616
437	0.015114	66.165036
572	0.015112	66.172728
1985	0.015112	66.173294
2318	0.015108	66.189452
1034	0.015100	66.224695
328	0.015100	66.226101
822	0.015099	66.230006
937	0.015089	66.274455
218	0.015088	66.276672
1774	0.015083	66.298024
1489	0.015080	66.312237
1507	0.015078	66.319885
500	0.015076	66.329855
1557	0.015072	66.347684
1352	0.015068	66.364160
2192	0.015060	66.400901
1359	0.015059	66.404000
2459	0.015059	66.404494
2052	0.015054	66.426985
926	0.015054	66.427806
1594	0.015039	66.492934
1840	0.015036	66.506899
581	0.015036	66.508823
2230	0.015031	66.527428
2219	0.015030	66.534579
920	0.015029	66.536085
1914	0.015029	66.538014
853	0.015028	66.540288
2367	0.015022	66.569131
1848	0.015018	66.588805
475	0.015017	66.590600
1920	0.015014	66.602620
748	0.015014	66.604138
1493	0.014992	66.701233
765	0.014988	66.720663
2120	0.014986	66.727412
1947	0.014985	66.734126
2286	0.014982	66.748161
1936	0.014976	66.773938
583	0.014971	66.795623
2204	0.014970	66.799934
1456	0.014965	66.821829
296	0.014952	66.882329
352	0.014950	66.889237
489	0.014944	66.914929
2137	0.014941	66.929215
1150	0.014930	66.978901
1468	0.014930	66.980512
149	0.014924	67.007178
2454	0.014923	67.011054
1215	0.014919	67.028579
1853	0.014917	67.037624
462	0.014916	67.042719
2314	0.014914	67.049634
712	0.014908	67.079738
1425	0.014907	67.080349
1683	0.014907	67.082538
95	0.014901	67.108861
2257	0.014898	67.124312
2058	0.014896	67.132035
868	0.014896	67.132174
1374	0.014895	67.136769
708	0.014895	67.138217
1294	0.014894	67.142841
1335	0.014893	67.145145
1327	0.014891	67.155444
1938	0.014887	67.172349
463	0.014882	67.193295
294	0.014877	67.216593
1686	0.014872	67.240414
1248	0.014871	67.245432
259	0.014871	67.247081
1186	0.014865	67.271979
590	0.014863	67.282147
1469	0.014855	67.318416
1854	0.014854	67.323784
1987	0.014852	67.332875
1755	0.014851	67.334914
773	0.014849	67.345173
2019	0.014843	67.371722
948	0.014842	67.376139
306	0.014837	67.397604
2408	0.014836	67.404435
745	0.014831	67.426622
2090	0.014827	67.445980
131	0.014824	67.458366
2202	0.014817	67.492056
2046	0.014813	67.506290
438	0.014809	67.528163
2139	0.014803	67.553214
1358	0.014802	67.558073
628	0.014801	67.564384
484	0.014799	67.572044
936	0.014792	67.605263
2251	0.014782	67.648233
2066	0.014777	67.672646
1745	0.014770	67.704834
125	0.014769	67.709640
1334	0.014766	67.721964
1695	0.014762	67.743515
636	0.014761	67.746501
985	0.014758	67.757581
2106	0.014757	67.766411
1689	0.014754	67.779785
1318	0.014753	67.784264
1079	0.014751	67.794293
2158	0.014745	67.820895
1929	0.014735	67.864459
997	0.014733	67.876891
2282	0.014728	67.896989
1231	0.014723	67.921493
1974	0.014721	67.930719
312	0.014712	67.973596
2365	0.014711	67.977334
869	0.014709	67.986142
1272	0.014698	68.037233
652	0.014697	68.043205
2310	0.014695	68.049844
2040	0.014692	68.062253
341	0.014692	68.065942
736	0.014682	68.109826
1297	0.014681	68.116885
2171	0.014680	68.120170
1541	0.014680	68.121910
393	0.014676	68.138948
2263	0.014674	68.149554
718	0.014672	68.157590
570	0.014666	68.187101
1444	0.014665	68.190023
280	0.014661	68.207644
2480	0.014659	68.219591
2474	0.014655	68.234809
145	0.014655	68.238181
1989	0.014654	68.239144
1091	0.014645	68.281456
2068	0.014643	68.292761
1040	0.014642	68.296342
1792	0.014634	68.332863
174	0.014634	68.335560
2419	0.014632	68.345083
1146	0.014631	68.349956
1780	0.014627	68.366774
641	0.014626	68.372651
2389	0.014621	68.393898
1382	0.014615	68.424214
1648	0.014613	68.431272
1555	0.014609	68.449204
1070	0.014606	68.463022
154	0.014605	68.471163
1448	0.014601	68.489141
811	0.014593	68.524359
114	0.014591	68.533881
265	0.014590	68.538596
717	0.014590	68.541237
1816	0.014590	68.542006
1732	0.014589	68.545653
714	0.014584	68.566450
80	0.014581	68.583614
501	0.014575	68.612110
210	0.014563	68.669397
495	0.014558	68.691504
809	0.014551	68.721489
1363	0.014548	68.736426
1861	0.014547	68.741053
2487	0.014547	68.743518
681	0.014546	68.745506
698	0.014544	68.755082
854	0.014544	68.758795
1121	0.014539	68.780977
2020	0.014531	68.820397
1177	0.014528	68.834132
446	0.014524	68.852522
1875	0.014521	68.867887
120	0.014519	68.875543
886	0.014515	68.894183
2242	0.014514	68.899602
2374	0.014509	68.924084
1051	0.014506	68.937829
1838	0.014506	68.938351
332	0.014502	68.955403
654	0.014498	68.976618
784	0.014497	68.980474
1242	0.014491	69.009707
971	0.014488	69.023693
1226	0.014487	69.026067
601	0.014484	69.043324
1645	0.014483	69.044906
942	0.014482	69.051140
1100	0.014482	69.053047
378	0.014478	69.070186
611	0.014477	69.075221
46	0.014473	69.093103
142	0.014462	69.148622
1182	0.014460	69.156611
1543	0.014457	69.170279
2189	0.014453	69.190738
1229	0.014448	69.213255
2465	0.014441	69.249528
813	0.014440	69.253671
1694	0.014439	69.258291
924	0.014431	69.293964
1072	0.014431	69.297104
1812	0.014429	69.307039
1520	0.014424	69.330925
2385	0.014419	69.353998
630	0.014412	69.385507
1749	0.014401	69.441842
2397	0.014399	69.450344
557	0.014395	69.468199
1158	0.014393	69.476180
1174	0.014386	69.511334
117	0.014385	69.515439
2470	0.014384	69.520084
2098	0.014384	69.523240
2300	0.014384	69.523245
1346	0.014380	69.539996
1716	0.014360	69.639104
199	0.014358	69.649434
2010	0.014357	69.653145
547	0.014354	69.667324
1340	0.014353	69.672571
1251	0.014353	69.673310
1321	0.014350	69.686593
1808	0.014349	69.691029
1137	0.014348	69.695168
881	0.014347	69.699477
1199	0.014337	69.750918
1066	0.014333	69.767873
804	0.014331	69.778839
1733	0.014324	69.812435
1891	0.014324	69.814099
2093	0.014315	69.856991
1326	0.014312	69.872477
1264	0.014303	69.915614
1976	0.014303	69.917536
2011	0.014299	69.936202
1012	0.014298	69.937572
474	0.014298	69.939575
2346	0.014295	69.955236
2232	0.014293	69.963101
1921	0.014288	69.988464
2157	0.014286	70.000355
1575	0.014285	70.005463
502	0.014282	70.017903
1364	0.014281	70.023138
1563	0.014278	70.040185
235	0.014277	70.042431
441	0.014271	70.073314
2044	0.014269	70.081202
2213	0.014269	70.082558
1599	0.014269	70.083210
982	0.014261	70.123134
2274	0.014252	70.165357
1941	0.014249	70.180264
1313	0.014249	70.181868
1884	0.014248	70.182949
1705	0.014241	70.218908
1117	0.014240	70.227123
1071	0.014239	70.232067
1713	0.014231	70.270641
2366	0.014230	70.275990
457	0.014219	70.327911
703	0.014218	70.331279
2212	0.014216	70.343321
2128	0.014215	70.346302
381	0.014212	70.363187
337	0.014207	70.387211
2057	0.014207	70.389234
1404	0.014206	70.391340
1973	0.014202	70.414795
1126	0.014201	70.416030
310	0.014201	70.416409
245	0.014197	70.436224
661	0.014196	70.442847
538	0.014195	70.446679
724	0.014191	70.468868
1274	0.014190	70.471420
1003	0.014188	70.482426
2107	0.014183	70.505356
2359	0.014176	70.539686
300	0.014176	70.541435
1190	0.014172	70.560632
2028	0.014164	70.601578
1747	0.014163	70.605660
323	0.014154	70.650941
1159	0.014144	70.702115
430	0.014143	70.706849
2446	0.014140	70.718861
1116	0.014140	70.719442
951	0.014139	70.724613
1167	0.014138	70.731881
2326	0.014136	70.743620
336	0.014131	70.767682
267	0.014124	70.803377
1431	0.014122	70.813276
1063	0.014121	70.815494
1637	0.014121	70.817455
2154	0.014121	70.818729
2237	0.014117	70.838542
2087	0.014115	70.845222
1786	0.014114	70.853453
277	0.014112	70.860989
1571	0.014106	70.889314
1608	0.014103	70.905119
2264	0.014102	70.911508
1188	0.014099	70.928148
1620	0.014097	70.935539
461	0.014095	70.948118
2262	0.014094	70.952739
1394	0.014093	70.957053
1368	0.014093	70.959542
541	0.014090	70.970967
943	0.014088	70.982347
68	0.014087	70.988325
2239	0.014082	71.014967
1221	0.014079	71.029088
2287	0.014078	71.034228
504	0.014075	71.050212
827	0.014073	71.056891
571	0.014073	71.057679
466	0.014071	71.066683
1205	0.014067	71.089418
1524	0.014066	71.094277
808	0.014064	71.104808
458	0.014062	71.115001
599	0.014059	71.129508
1232	0.014059	71.130078
665	0.014052	71.164102
1917	0.014051	71.171693
1151	0.014041	71.217615
1676	0.014041	71.220823
1701	0.014029	71.278453
491	0.014016	71.345904
2054	0.014015	71.353140
1224	0.014013	71.361711
1011	0.014013	71.363576
999	0.014005	71.405464
1501	0.014003	71.415557
2035	0.014002	71.417502
1829	0.014000	71.426683
414	0.014000	71.429399
219	0.013998	71.440441
112	0.013988	71.489258
1641	0.013988	71.491136
578	0.013987	71.494242
275	0.013986	71.501428
331	0.013985	71.507128
397	0.013977	71.543611
2311	0.013965	71.606193
1408	0.013963	71.617664
1940	0.013960	71.633526
672	0.013959	71.639235
128	0.013955	71.657405
2452	0.013955	71.660797
1794	0.013953	71.670917
1168	0.013950	71.683716
819	0.013949	71.691417
2490	0.013944	71.713718
2103	0.013939	71.739581
135	0.013936	71.758617
1048	0.013927	71.800482
1766	0.013927	71.801076
1644	0.013927	71.805012
1227	0.013918	71.850256
612	0.013915	71.867392
1148	0.013913	71.874139
284	0.013911	71.884886
40	0.013901	71.937660
2206	0.013901	71.939622
2436	0.013899	71.949961
1295	0.013897	71.956767
1412	0.013897	71.958039
566	0.013888	72.006039
1491	0.013883	72.029086
616	0.013883	72.030162
1004	0.013883	72.031169
1347	0.013880	72.048643
179	0.013877	72.063388
887	0.013872	72.085954
2443	0.013872	72.087097
824	0.013872	72.087628
1483	0.013872	72.088046
624	0.013868	72.110213
1721	0.013852	72.192319
1691	0.013847	72.216846
1454	0.013847	72.218322
649	0.013837	72.271256
2200	0.013832	72.295859
1082	0.013823	72.341455
902	0.013814	72.391993
1129	0.013812	72.398449
1428	0.013807	72.425909
910	0.013803	72.448935
1142	0.013801	72.456489
162	0.013800	72.461394
1246	0.013797	72.478178
229	0.013796	72.483206
2418	0.013794	72.496473
169	0.013793	72.501490
722	0.013791	72.509048
1013	0.013788	72.529105
812	0.013786	72.535115
1805	0.013786	72.536467
444	0.013786	72.539608
373	0.013781	72.561955
1881	0.013778	72.581216
1518	0.013770	72.620392
1176	0.013767	72.635887
766	0.013767	72.636588
497	0.013754	72.703529
1843	0.013751	72.721278
1214	0.013746	72.746330
845	0.013743	72.762340
1618	0.013743	72.765848
1719	0.013739	72.786045
2297	0.013739	72.786667
1077	0.013737	72.798121
1050	0.013735	72.804118
1722	0.013734	72.810853
1726	0.013734	72.812020
2291	0.013733	72.816980
1007	0.013733	72.817218
2383	0.013731	72.827089
709	0.013730	72.831335
92	0.013729	72.836052
1631	0.013725	72.857256
1041	0.013725	72.862320
1540	0.013718	72.899156
320	0.013717	72.904264
517	0.013714	72.920684
534	0.013712	72.926709
554	0.013709	72.942621
1067	0.013707	72.955136
975	0.013705	72.964194
1566	0.013705	72.966259
363	0.013699	72.995882
716	0.013698	73.002652
1582	0.013697	73.008425
1915	0.013697	73.008564
653	0.013694	73.022676
2005	0.013693	73.030596
540	0.013683	73.081242
138	0.013683	73.081613
2260	0.013675	73.127730
1573	0.013669	73.156498
471	0.013666	73.173296
552	0.013665	73.178938
394	0.013665	73.180592
1435	0.013662	73.193393
1852	0.013660	73.208179
326	0.013649	73.266632
2259	0.013648	73.270449
1510	0.013644	73.291490
947	0.013641	73.309505
507	0.013634	73.344000
342	0.013634	73.344730
476	0.013633	73.351974
626	0.013633	73.352388
1900	0.013630	73.369304
1103	0.013629	73.375325
1930	0.013628	73.377059
418	0.013626	73.388375
1996	0.013625	73.392420
2083	0.013625	73.395977
1045	0.013624	73.402400
2174	0.013620	73.423537
2223	0.013618	73.431271
2451	0.013617	73.438999
707	0.013615	73.447985
2420	0.013615	73.450441
614	0.013609	73.482263
1897	0.013608	73.487513
1092	0.013606	73.494758
279	0.013600	73.529798
2266	0.013597	73.545229
1657	0.013596	73.553593
252	0.013592	73.573962
387	0.013587	73.597128
1263	0.013584	73.616686
2048	0.013583	73.624115
1076	0.013580	73.635588
1401	0.013565	73.720666
1496	0.013564	73.725870
1179	0.013562	73.736648
108	0.013559	73.753117
561	0.013559	73.753476
1440	0.013556	73.767322
1385	0.013554	73.780883
797	0.013552	73.788107
2031	0.013546	73.825233
526	0.013540	73.855844
1569	0.013534	73.887379
1511	0.013530	73.909882
220	0.013528	73.918763
1451	0.013527	73.927715
212	0.013526	73.929588
2415	0.013526	73.933173
1883	0.013518	73.973695
1133	0.013518	73.976554
1801	0.013515	73.989337
2486	0.013514	73.996576
477	0.013512	74.010417
1559	0.013508	74.029841
1499	0.013505	74.046375
1360	0.013505	74.046582
2353	0.013503	74.055487
127	0.013502	74.060846
1895	0.013495	74.100236
1237	0.013492	74.117868
1300	0.013492	74.119258
1588	0.013491	74.125903
2431	0.013484	74.163932
1862	0.013481	74.178578
2220	0.013479	74.189684
1800	0.013478	74.197365
1990	0.013472	74.228163
395	0.013471	74.232012
376	0.013468	74.251195
188	0.013462	74.282153
1307	0.013454	74.327075
2127	0.013453	74.332443
573	0.013443	74.385810
1240	0.013440	74.406239
721	0.013439	74.408310
1678	0.013438	74.415040
564	0.013432	74.449941
2039	0.013432	74.450737
159	0.013431	74.452933
1285	0.013414	74.548646
531	0.013411	74.566013
516	0.013410	74.572836
974	0.013407	74.589489
676	0.013405	74.600352
1487	0.013398	74.639259
1870	0.013397	74.642783
1589	0.013396	74.650839
786	0.013392	74.674104
1754	0.013388	74.692179
460	0.013387	74.696760
1735	0.013385	74.709704
1836	0.013383	74.723790
889	0.013381	74.730508
2308	0.013380	74.738681
953	0.013380	74.740580
1734	0.013376	74.761154
1277	0.013376	74.762784
1937	0.013375	74.768562
1624	0.013374	74.769794
2255	0.013371	74.786867
1906	0.013371	74.791236
1776	0.013369	74.800599
1439	0.013364	74.827733
1371	0.013364	74.827906
1980	0.013357	74.867749
2278	0.013351	74.902746
1185	0.013349	74.911235
2358	0.013344	74.939617
859	0.013342	74.951912
1837	0.013339	74.968372
1317	0.013335	74.991878
2108	0.013335	74.993228
1616	0.013328	75.029397
1026	0.013325	75.048138
1467	0.013320	75.073367
1799	0.013317	75.091697
1767	0.013317	75.091977
689	0.013316	75.096117
191	0.013311	75.128249
912	0.013306	75.155364
2045	0.013305	75.159583
2393	0.013301	75.180631
1060	0.013300	75.185955
772	0.013300	75.185996
743	0.013299	75.191238
2371	0.013292	75.233044
1339	0.013290	75.242523
1266	0.013289	75.252787
2414	0.013279	75.306599
1083	0.013277	75.315804
1136	0.013277	75.319166
1170	0.013275	75.330287
1659	0.013273	75.341168
1574	0.013256	75.438437
2190	0.013255	75.442943
632	0.013254	75.446889
680	0.013251	75.465736
1141	0.013248	75.483606
524	0.013247	75.489802
2071	0.013226	75.606049
2441	0.013226	75.608913
2214	0.013222	75.632591
1457	0.013217	75.657674
1813	0.013216	75.666471
2426	0.013207	75.715905
568	0.013202	75.746180
1538	0.013196	75.779777
1679	0.013196	75.781598
1736	0.013196	75.782755
2275	0.013193	75.799936
353	0.013189	75.817967
1924	0.013189	75.818519
801	0.013188	75.824673
1417	0.013186	75.836821
2151	0.013186	75.840081
1315	0.013186	75.840314
2210	0.013183	75.854285
596	0.013181	75.864732
464	0.013179	75.877663
1222	0.013176	75.897350
1259	0.013169	75.937873
880	0.013164	75.963779
2022	0.013154	76.021124
1209	0.013151	76.041015
2194	0.013151	76.041174
2153	0.013147	76.063356
1068	0.013146	76.066901
1685	0.013146	76.070594
865	0.013142	76.090842
1397	0.013139	76.109173
1950	0.013137	76.121201
620	0.013136	76.126288
1463	0.013135	76.133571
1481	0.013128	76.172456
1234	0.013128	76.174515
1497	0.013118	76.229089
938	0.013114	76.255883
896	0.013111	76.272223
1354	0.013111	76.273679
657	0.013110	76.277275
2014	0.013110	76.279763
2233	0.013105	76.305894
1797	0.013101	76.328878
1873	0.013094	76.371318
1093	0.013090	76.391705
965	0.013090	76.393899
1942	0.013089	76.398164
1113	0.013088	76.403245
1370	0.013088	76.408211
1261	0.013088	76.408518
1074	0.013082	76.440766
1578	0.013081	76.446769
1054	0.013077	76.471048
837	0.013075	76.483351
563	0.013061	76.563196
807	0.013059	76.574278
1752	0.013059	76.576405
923	0.013054	76.605021
1517	0.013053	76.608454
182	0.013053	76.611642
2243	0.013050	76.630589
1998	0.013042	76.673444
2272	0.013039	76.690282
2395	0.013038	76.696375
2479	0.013038	76.696437
979	0.013034	76.720437
1584	0.013032	76.736730
1202	0.013025	76.773503
1675	0.013020	76.807467
1502	0.013009	76.867892
1638	0.013006	76.888190
1935	0.013005	76.895437
1954	0.012994	76.960231
2235	0.012991	76.974843
2437	0.012991	76.978704
818	0.012985	77.012288
1834	0.012983	77.023622
1896	0.012979	77.049136
2217	0.012971	77.093733
742	0.012970	77.103410
2448	0.012968	77.113192
2299	0.012966	77.127074
2337	0.012965	77.130071
133	0.012963	77.144539
1602	0.012962	77.147637
1015	0.012962	77.151100
1441	0.012961	77.156314
2156	0.012956	77.186959
1367	0.012953	77.199575
1201	0.012951	77.212612
1442	0.012948	77.232776
465	0.012944	77.253333
1818	0.012931	77.332372
1147	0.012929	77.344275
355	0.012925	77.366788
2268	0.012923	77.378723
247	0.012917	77.417698
2417	0.012916	77.424989
1453	0.012915	77.431314
757	0.012910	77.457647
2285	0.012910	77.458868
1547	0.012909	77.464720
420	0.012907	77.476108
1542	0.012906	77.484005
1628	0.012899	77.524581
1325	0.012899	77.524959
1828	0.012899	77.525295
2458	0.012894	77.556029
171	0.012889	77.585384
1010	0.012889	77.587632
1437	0.012886	77.601390
1910	0.012880	77.640668
635	0.012876	77.666355
800	0.012876	77.666837
1308	0.012867	77.721027
858	0.012865	77.728435
2198	0.012862	77.747236
1603	0.012858	77.770891
755	0.012856	77.781789
2320	0.012855	77.790201
605	0.012849	77.824957
651	0.012848	77.834309
830	0.012845	77.852186
1154	0.012838	77.894849
1782	0.012834	77.916294
1421	0.012831	77.935708
1953	0.012829	77.945620
512	0.012829	77.949637
2316	0.012827	77.962629
1197	0.012823	77.983843
1029	0.012822	77.993924
2484	0.012821	77.997632
2361	0.012812	78.049798
2290	0.012809	78.067686
1908	0.012808	78.078356
2387	0.012801	78.118838
977	0.012793	78.166116
2077	0.012788	78.200132
158	0.012786	78.207776
1149	0.012779	78.255217
161	0.012775	78.275607
2036	0.012775	78.276304
2113	0.012773	78.287773
1670	0.012770	78.307308
1663	0.012769	78.316591
1777	0.012769	78.317637
2225	0.012765	78.338939
1310	0.012759	78.373472
760	0.012759	78.377094
817	0.012749	78.438976
2131	0.012742	78.482395
485	0.012741	78.489213
2119	0.012726	78.581210
577	0.012725	78.583964
528	0.012722	78.604762
1206	0.012715	78.647962
1523	0.012708	78.689458
2434	0.012708	78.689870
838	0.012707	78.697438
878	0.012698	78.752881
1696	0.012692	78.789010
674	0.012688	78.813194
1866	0.012685	78.835471
2088	0.012679	78.869596
1789	0.012676	78.890852
1652	0.012668	78.940003
208	0.012668	78.941528
1000	0.012666	78.951549
1525	0.012665	78.960820
1636	0.012660	78.989012
990	0.012660	78.990694
1773	0.012657	79.006374
215	0.012651	79.043478
1413	0.012647	79.070528
843	0.012646	79.078268
1877	0.012642	79.101724
1688	0.012641	79.108093
1249	0.012638	79.123389
1289	0.012638	79.126508
1329	0.012637	79.134786
835	0.012636	79.138691
1756	0.012632	79.166475
1427	0.012632	79.167011
1173	0.012630	79.177290
980	0.012625	79.208940
1918	0.012622	79.225867
776	0.012622	79.229385
1267	0.012619	79.248228
1235	0.012618	79.250786
1377	0.012610	79.301929
638	0.012602	79.351307
2186	0.012590	79.425509
2298	0.012589	79.433707
1626	0.012587	79.449017
1790	0.012577	79.507598
2047	0.012575	79.523642
1304	0.012574	79.527323
877	0.012572	79.539983
1889	0.012567	79.576635
2009	0.012566	79.579813
2236	0.012561	79.612642
2292	0.012560	79.614786
1402	0.012560	79.617254
1293	0.012560	79.620740
1291	0.012559	79.626340
2495	0.012558	79.627506
1660	0.012551	79.674569
1798	0.012549	79.688256
728	0.012548	79.692081
2273	0.012540	79.742666
1824	0.012540	79.743581
731	0.012539	79.752638
1302	0.012536	79.770328
1145	0.012533	79.791594
2247	0.012533	79.792135
1223	0.012530	79.809153
2482	0.012528	79.823568
1983	0.012527	79.824855
1110	0.012527	79.826183
1832	0.012526	79.832368
2261	0.012524	79.844293
670	0.012522	79.856315
2277	0.012520	79.873984
2138	0.012519	79.878728
683	0.012516	79.897999
732	0.012513	79.914751
1482	0.012509	79.940385
694	0.012504	79.972466
510	0.012502	79.988102
720	0.012498	80.013889
1925	0.012498	80.015793
2144	0.012494	80.040684
890	0.012493	80.045290
1353	0.012490	80.063996
1043	0.012488	80.076847
959	0.012488	80.077162
1632	0.012484	80.103260
1528	0.012480	80.130942
1849	0.012479	80.137578
2394	0.012476	80.150699
1069	0.012474	80.167903
1389	0.012472	80.176921
1583	0.012469	80.196660
377	0.012464	80.232486
867	0.012460	80.257377
2245	0.012457	80.274149
1220	0.012457	80.274909
2319	0.012454	80.293051
2473	0.012454	80.295953
2155	0.012451	80.312501
621	0.012448	80.332179
1536	0.012448	80.335626
2303	0.012446	80.345222
592	0.012445	80.351741
1355	0.012444	80.361026
1114	0.012443	80.363266
847	0.012440	80.387420
473	0.012436	80.409134
1269	0.012429	80.458343
1203	0.012425	80.485547
2481	0.012420	80.518211
2152	0.012418	80.529372
1533	0.012409	80.583884
1576	0.012405	80.610544
723	0.012402	80.630553
1739	0.012396	80.669872
1522	0.012395	80.677557
2475	0.012387	80.727619
2494	0.012387	80.732852
1256	0.012385	80.744942
2304	0.012381	80.767535
1753	0.012377	80.795318
1331	0.012375	80.807618
234	0.012371	80.836728
1366	0.012368	80.852311
152	0.012360	80.904776
2130	0.012359	80.913303
1907	0.012358	80.920426
2110	0.012355	80.936193
1111	0.012354	80.946476
2450	0.012352	80.956488
2102	0.012352	80.957187
1704	0.012350	80.969117
2179	0.012347	80.991252
1230	0.012341	81.033214
1183	0.012338	81.047673
2344	0.012330	81.100248
1301	0.012313	81.217364
415	0.012312	81.219432
1395	0.012310	81.236955
2421	0.012307	81.252948
1009	0.012306	81.263246
1464	0.012304	81.277220
2030	0.012301	81.294018
1171	0.012282	81.420868
2063	0.012276	81.459647
1549	0.012272	81.486347
1433	0.012268	81.510732
2323	0.012268	81.511406
1611	0.012265	81.536110
2062	0.012259	81.573722
2453	0.012254	81.604989
1697	0.012248	81.648076
1344	0.012247	81.649914
1031	0.012240	81.700350
946	0.012238	81.709399
379	0.012238	81.710351
1727	0.012232	81.755023
2334	0.012230	81.769275
1913	0.012223	81.812479
962	0.012222	81.817661
1681	0.012221	81.829327
1662	0.012209	81.908675
1056	0.012207	81.919785
2203	0.012192	82.020865
2096	0.012185	82.067151
1036	0.012184	82.073111
981	0.012184	82.075840
2025	0.012180	82.100094
1926	0.012175	82.136438
2109	0.012173	82.146932
1864	0.012165	82.203015
2294	0.012165	82.205881
2309	0.012160	82.233809
1653	0.012151	82.295984
1287	0.012151	82.300276
1024	0.012143	82.354169
833	0.012141	82.364846
1804	0.012139	82.378441
1416	0.012134	82.409789
1361	0.012132	82.428850
1590	0.012127	82.457881
367	0.012121	82.503251
2341	0.012118	82.523420
1607	0.012117	82.529367
2328	0.012116	82.532427
617	0.012115	82.543889
1529	0.012112	82.559433
733	0.012109	82.580964
1871	0.012108	82.591271
1874	0.012106	82.604097
1537	0.012098	82.656570
2354	0.012097	82.661726
1090	0.012097	82.665419
1876	0.012094	82.682384
384	0.012092	82.699706
2489	0.012085	82.745086
738	0.012085	82.747216
2342	0.012080	82.781581
1017	0.012079	82.785932
1135	0.012073	82.832096
2118	0.012066	82.879097
1581	0.012065	82.886802
2413	0.012064	82.889713
2082	0.012062	82.902828
1656	0.012061	82.911483
2149	0.012053	82.968192
671	0.012043	83.032751
1480	0.012042	83.040375
792	0.012033	83.107947
1288	0.012029	83.131654
1762	0.012013	83.244182
1172	0.012012	83.252517
658	0.012011	83.257753
2280	0.011993	83.379738
239	0.011990	83.400170
2013	0.011990	83.404736
711	0.011989	83.410139
1414	0.011985	83.436373
1369	0.011974	83.515944
1707	0.011970	83.543001
1977	0.011968	83.558362
908	0.011966	83.569616
1916	0.011962	83.598985
1855	0.011960	83.615228
1106	0.011957	83.634919
1138	0.011939	83.756845
2159	0.011931	83.815142
291	0.011925	83.860285
1779	0.011923	83.871962
663	0.011922	83.878096
1258	0.011916	83.920527
1099	0.011912	83.948548
952	0.011910	83.966481
1393	0.011905	83.999818
2094	0.011896	84.058584
2124	0.011893	84.084409
2080	0.011888	84.117488
1693	0.011886	84.129913
1847	0.011884	84.144414
761	0.011884	84.144714
2089	0.011882	84.160192
1365	0.011874	84.220357
1037	0.011873	84.221185
1999	0.011873	84.222431
2377	0.011873	84.224073
443	0.011861	84.309480
873	0.011861	84.312906
1827	0.011858	84.329220
1381	0.011857	84.339811
1107	0.011845	84.424738
2042	0.011836	84.490393
1500	0.011834	84.501088
669	0.011832	84.519668
1498	0.011831	84.524326
1400	0.011830	84.528904
927	0.011819	84.609675
1475	0.011815	84.640729
2488	0.011810	84.671554
1815	0.011808	84.687096
2329	0.011805	84.711614
675	0.011784	84.861484
2356	0.011782	84.877145
2050	0.011771	84.952142
955	0.011771	84.956891
842	0.011770	84.960166
2034	0.011763	85.010772
1535	0.011758	85.047840
737	0.011757	85.056337
746	0.011755	85.072145
2369	0.011754	85.079712
2136	0.011751	85.100522
176	0.011750	85.104214
911	0.011749	85.112368
553	0.011747	85.128024
1905	0.011740	85.176466
1059	0.011737	85.202716
2317	0.011730	85.253201
1579	0.011727	85.276301
2468	0.011725	85.286210
1833	0.011723	85.302294
1630	0.011714	85.371547
2407	0.011711	85.391594
1894	0.011707	85.420528
922	0.011706	85.426761
1988	0.011702	85.457309
685	0.011694	85.516725
894	0.011688	85.559614
969	0.011685	85.582845
1386	0.011676	85.644108
1178	0.011671	85.682212
555	0.011669	85.700612
883	0.011653	85.815504
1570	0.011650	85.835435
1515	0.011649	85.840798
1101	0.011646	85.863932
2201	0.011643	85.888384
1558	0.011638	85.925245
1669	0.011635	85.944137
1378	0.011627	86.006473
2497	0.011620	86.056145
1546	0.011613	86.108219
2471	0.011603	86.181994
1472	0.011594	86.250606
1115	0.011584	86.322309
2390	0.011576	86.384245
2026	0.011576	86.384562
1810	0.011573	86.409324
2313	0.011569	86.437581
2464	0.011559	86.514637
2001	0.011549	86.588953
244	0.011546	86.609191
1968	0.011546	86.611401
2332	0.011546	86.611722
2478	0.011543	86.634735
1911	0.011541	86.644057
2092	0.011535	86.689038
987	0.011532	86.716249
1993	0.011531	86.719316
1971	0.011531	86.719704
1724	0.011519	86.813813
1238	0.011503	86.930237
2193	0.011501	86.946439
543	0.011496	86.985191
1665	0.011495	86.996175
1822	0.011481	87.103812
899	0.011479	87.113889
2343	0.011476	87.137000
1793	0.011472	87.165588
1831	0.011459	87.264025
1426	0.011452	87.321863
1931	0.011450	87.337221
544	0.011447	87.361667
2229	0.011432	87.473841
1213	0.011428	87.507535
1125	0.011426	87.517534
2351	0.011420	87.566267
1396	0.011416	87.592796
1720	0.011408	87.659901
1539	0.011403	87.694612
2283	0.011396	87.749038
2105	0.011383	87.848183
1597	0.011381	87.868666
1560	0.011381	87.869230
1021	0.011370	87.947078
88	0.011370	87.951060
1723	0.011370	87.952623
1664	0.011365	87.988782
1955	0.011356	88.056909
1785	0.011343	88.159053
882	0.011338	88.198502
1860	0.011336	88.210894
1565	0.011333	88.238182
1047	0.011330	88.258646
1809	0.011326	88.291071
2032	0.011310	88.418073
1835	0.011308	88.433161
2095	0.011306	88.449118
1684	0.011289	88.584852
271	0.011277	88.676947
2423	0.011274	88.702013
777	0.011268	88.745560
1763	0.011255	88.848800
803	0.011247	88.909094
1028	0.011244	88.938693
2296	0.011241	88.959975
427	0.011234	89.012358
1994	0.011233	89.025167
1633	0.011217	89.147656
2372	0.011205	89.242978
1842	0.011202	89.272143
494	0.011181	89.438575
1819	0.011179	89.456465
2256	0.011176	89.476504
2141	0.011171	89.514012
1992	0.011159	89.610899
1207	0.011155	89.647360
648	0.011153	89.664494
769	0.011147	89.712575
362	0.011146	89.716218
1867	0.011133	89.821941
1124	0.011132	89.833112
1053	0.011126	89.883536
2126	0.011122	89.908484
1982	0.011115	89.971778
1564	0.011108	90.022230
2392	0.011106	90.042924
1885	0.011092	90.151623
1514	0.011092	90.156675
1865	0.011086	90.200545
1002	0.011082	90.234480
1975	0.011075	90.291623
1949	0.011075	90.295005
945	0.011066	90.370775
2224	0.011054	90.462938
762	0.011051	90.489460
2162	0.011051	90.493343
2208	0.011049	90.505883
1585	0.011045	90.534663
2104	0.011041	90.569940
1728	0.011030	90.658153
849	0.011029	90.673824
1553	0.011015	90.787055
1299	0.011006	90.862153
972	0.011003	90.883461
1407	0.010990	90.994098
2142	0.010973	91.129243
2150	0.010956	91.276556
366	0.010952	91.305404
1928	0.010952	91.307218
1580	0.010949	91.332299
2181	0.010941	91.399812
1791	0.010935	91.447086
1509	0.010932	91.478165
2284	0.010928	91.505111
2081	0.010923	91.547831
725	0.010922	91.556634
903	0.010916	91.610773
764	0.010915	91.616690
1627	0.010912	91.644729
2364	0.010906	91.692766
2234	0.010906	91.692856
1164	0.010902	91.726276
1008	0.010900	91.740572
2281	0.010895	91.786259
2165	0.010889	91.837353
1119	0.010872	91.980302
2373	0.010866	92.034232
2207	0.010861	92.075487
2391	0.010841	92.239094
1432	0.010841	92.242856
891	0.010830	92.331918
1247	0.010825	92.377515
1512	0.010824	92.388034
1605	0.010822	92.402849
1958	0.010816	92.454738
1615	0.010813	92.477624
2024	0.010813	92.478631
1305	0.010798	92.613768
1740	0.010790	92.675362
2061	0.010790	92.678529
574	0.010788	92.694734
1198	0.010785	92.719358
973	0.010784	92.727151
509	0.010778	92.785256
1143	0.010753	92.998098
1956	0.010752	93.007141
1890	0.010742	93.092505
639	0.010730	93.199528
957	0.010720	93.287268
1671	0.010718	93.298202
1961	0.010696	93.495168
1123	0.010694	93.509870
1341	0.010691	93.532507
2072	0.010683	93.603497
1899	0.010683	93.603691
2112	0.010676	93.664389
1306	0.010673	93.693125
1403	0.010669	93.730243
1105	0.010669	93.730245
2085	0.010651	93.886700
1859	0.010639	93.994512
1399	0.010633	94.047898
1333	0.010629	94.082081
1725	0.010607	94.275147
1398	0.010601	94.331018
1097	0.010597	94.366818
964	0.010594	94.391003
1945	0.010591	94.423721
1144	0.010590	94.426599
1283	0.010583	94.489877
2333	0.010572	94.589763
781	0.010556	94.729610
1165	0.010555	94.738207
2143	0.010538	94.894934
2074	0.010537	94.905411
2405	0.010527	94.992179
1342	0.010526	95.001484
613	0.010525	95.008257
1268	0.010517	95.084963
2378	0.010512	95.127002
2021	0.010509	95.160533
1233	0.010500	95.237331
1478	0.010493	95.298718
482	0.010488	95.350492
2428	0.010485	95.376033
918	0.010483	95.392519
2164	0.010468	95.526517
2049	0.010464	95.567523
1625	0.010464	95.567596
1898	0.010463	95.574048
1759	0.010455	95.644688
1191	0.010455	95.650826
1156	0.010449	95.700076
1673	0.010449	95.701892
2457	0.010448	95.707901
1219	0.010427	95.902659
2362	0.010427	95.904386
1572	0.010421	95.962355
1450	0.010420	95.966186
2289	0.010418	95.984948
1516	0.010415	96.010870
941	0.010415	96.018733
2321	0.010401	96.148342
2368	0.010400	96.150384
2288	0.010398	96.168771
2491	0.010397	96.183588
2168	0.010379	96.352510
1309	0.010374	96.396456
2411	0.010373	96.406016
1471	0.010364	96.483385
1680	0.010361	96.513397
2169	0.010357	96.556412
706	0.010349	96.625481
2231	0.010346	96.655658
2055	0.010329	96.814582
2027	0.010328	96.826492
2498	0.010316	96.933826
1850	0.010307	97.019813
994	0.010306	97.028524
1587	0.010304	97.051381
879	0.010300	97.088064
1423	0.010294	97.142675
679	0.010293	97.156765
588	0.010291	97.173919
469	0.010281	97.264822
1904	0.010269	97.377436
2322	0.010256	97.507963
2250	0.010253	97.532198
1562	0.010241	97.646724
774	0.010238	97.675351
790	0.010229	97.761993
2051	0.010222	97.828996
2187	0.010219	97.861238
829	0.010208	97.963409
2023	0.010198	98.054377
1459	0.010198	98.058010
2399	0.010196	98.072940
1775	0.010174	98.294136
1163	0.010164	98.390975
1666	0.010138	98.636294
1703	0.010138	98.637387
1912	0.010132	98.699557
2467	0.010128	98.736613
2133	0.010121	98.799698
991	0.010118	98.829732
2499	0.010096	99.049390
1211	0.010087	99.133037
1279	0.010085	99.160548
1619	0.010084	99.165680
1210	0.010081	99.200093
2222	0.010065	99.353418
2412	0.010052	99.478021
350	0.010049	99.509418
1462	0.010047	99.533803
1972	0.010033	99.666465
1668	0.010015	99.852715
403	0.010008	99.923555
449	0.009999	100.011650
866	0.009995	100.054004
1712	0.009987	100.130714
2163	0.009976	100.244678
950	0.009971	100.288236
1783	0.009955	100.450412
1545	0.009950	100.504080
1643	0.009931	100.695645
1826	0.009925	100.758612
1006	0.009924	100.767565
2444	0.009912	100.887659
1687	0.009896	101.045825
2425	0.009894	101.075516
2037	0.009894	101.075936
727	0.009893	101.078112
1741	0.009892	101.090539
770	0.009890	101.114361
2244	0.009877	101.241200
1770	0.009876	101.259935
2424	0.009869	101.325370
1591	0.009868	101.339595
278	0.009867	101.351707
2370	0.009846	101.568274
2442	0.009806	101.979994
1406	0.009805	101.984439
2271	0.009761	102.446145
1600	0.009752	102.542982
1927	0.009716	102.927034
1505	0.009714	102.942845
1130	0.009704	103.054982
1446	0.009703	103.056829
447	0.009697	103.120158
1460	0.009683	103.277539
1596	0.009676	103.344079
1651	0.009652	103.610461
2180	0.009647	103.659425
1187	0.009640	103.739195
1880	0.009636	103.778331
1623	0.009622	103.927376
2167	0.009590	104.275847
1839	0.009588	104.297568
1604	0.009585	104.331194
529	0.009578	104.408185
2177	0.009545	104.772041
2325	0.009543	104.793275
2477	0.009533	104.902835
2347	0.009532	104.909264
2396	0.009521	105.029208
749	0.009503	105.229626
1758	0.009494	105.328823
1811	0.009475	105.540755
2160	0.009440	105.932862
1324	0.009405	106.327850
1055	0.009369	106.735089
2079	0.009364	106.791920
794	0.009359	106.843933
1438	0.009338	107.086593
885	0.009332	107.160088
2099	0.009327	107.218734
499	0.009319	107.303768
2379	0.009305	107.469518
1544	0.009299	107.535036
2084	0.009292	107.622815
2386	0.009272	107.856532
1639	0.009266	107.925787
2000	0.009265	107.938604
2041	0.009257	108.022305
925	0.009250	108.103502
2398	0.009247	108.141010
2211	0.009242	108.206221
2305	0.009238	108.244027
2384	0.009230	108.337716
1265	0.009220	108.453989
2440	0.009204	108.642815
1901	0.009191	108.802959
1479	0.009181	108.917286
2466	0.009147	109.322190
1601	0.009137	109.448001
1868	0.009115	109.709195
1338	0.009108	109.795114
1879	0.009093	109.975017
1702	0.009067	110.284727
1436	0.009046	110.546733
2184	0.009040	110.623264
1869	0.009027	110.778420
1349	0.009025	110.803054
1743	0.008994	111.181066
2188	0.008961	111.589170
1337	0.008947	111.775281
1887	0.008944	111.803730
1698	0.008937	111.892774
1764	0.008917	112.148337
1503	0.008907	112.275071
2006	0.008899	112.368964
1455	0.008899	112.373837
2007	0.008882	112.586965
567	0.008870	112.739525
2433	0.008866	112.789425
1647	0.008866	112.796046
1807	0.008859	112.879973
1863	0.008850	112.998926
1979	0.008844	113.067222
2312	0.008820	113.372376
2191	0.008814	113.454598
855	0.008788	113.785750
1984	0.008787	113.800141
2132	0.008773	113.984818
2029	0.008677	115.251245
1825	0.008654	115.550296
1742	0.008653	115.569074
1959	0.008528	117.256713
2496	0.008500	117.650049
2376	0.008497	117.687085
1350	0.008333	120.010296
1649	0.008172	122.373751
1169	0.008118	123.184651
2469	0.008106	123.358267
2111	0.008091	123.591087
1821	0.008059	124.085968
1025	0.008045	124.303260
1336	0.007945	125.871022
1470	0.007911	126.407305
2221	0.007874	126.994909
1388	0.007740	129.194950
1717	0.007723	129.489275
1851	0.007689	130.062201
2148	0.007446	134.295935
